54121
54121
54016
53935
53831
53807
53571
53688
53637
53509
53492
53384
53430
53358
53370
53377
53300
53292
53290
53220
53216
53256
53161
53134
53142
53077
53127
53111
52987
52981
52989
52997
53026
52982
52948
53033
52961
52968
52979
52908
52944
52942
52975
52969
52876
52840
52909
52734
52587
52429
52205
52031
51886
51677
51489
51409
51267
51070
50978
50906
50763
50630
50617
50393
50385
50290
50227
50162
50022
49970
49890
49822
49864
49786
49766
49681
49696
49603
49615
49460
49431
49434
49275
49291
49173
49120
49069
49101
49029
48911
48892
48868
48801
48767
48708
48705
48712
48670
48618
48574
48612
48620
48577
48575
48604
48521
48579
48550
48519
48498
48473
48440
48385
48331
48412
48424
48425
48390
48339
48357
48307
48337
48359
48402
48357
48424
48357
48372
48230
48185
48049
47922
47725
47636
47560
47589
47498
47364
47364
47317
47225
47147
47069
46932
46633
46536
46467
46225
46021
45955
45857
45610
45536
45412
45310
45187
45049
44955
44884
44758
44696
44670
44588
44458
44310
44281
44116
44089
44021
43859
43789
43725
43605
43596
43525
43423
43404
43252
43219
43206
43198
43078
43133
43027
43023
42943
42959
42901
42914
42860
42902
42816
42816
42802
42774
42692
42792
42727
42702
42720
42608
42675
42700
42656
42691
42676
42633
42707
42679
42687
42701
42626
42613
42573
42444
42254
42074
41888
41665
41485
41224
41086
40864
40639
40467
40317
40044
39921
39810
39652
39430
39273
39153
38981
38884
38796
38613
38475
38352
38271
38173
38045
37972
37913
37856
37859
37678
37610
37518
37463
37382
37283
37121
37047
36949
36905
36829
36766
36556
36484
36396
36301
36190
36176
36198
36189
36144
36008
35943
35906
35928
35908
35890
35869
35826
35777
35726
35731
35782
35726
35629
35645
35702
35638
35638
35574
35618
35589
35626
35517
35520
35554
35438
35532
35564
35456
35483
35518
35550
35555
35476
35347
35316
35118
34905
34781
34493
34285
34046
33826
33643
33518
33326
33197
32911
32797
32576
32540
32325
32145
32055
31920
31679
31559
31381
31279
31193
31037
30937
30889
30762
30690
30648
30534
30362
30356
30309
30235
30088
30022
29942
29842
29764
29627
29558
29517
29454
29334
29346
29260
29222
29215
29080
29077
29060
28914
28959
28953
28912
28840
28939
28845
28816
28833
28818
28766
28774
28739
28808
28742
28732
28752
28827
28783
28785
28800
28711
28790
28753
28698
28785
28811
28713
28773
28776
28761
28675
28671
28534
28408
28093
27939
27820
27583
27383
27123
26923
26726
26603
26531
26352
26285
26077
25924
25794
25721
25504
25477
25252
25164
25157
25021
24949
24898
24864
24776
24740
24594
24567
24563
24451
24378
24294
24275
24141
24083
23912
23878
23805
23728
23703
23607
23592
23496
23455
23391
23338
23412
23336
23233
23366
23316
23302
23270
23280
23240
23175
23192
23265
23213
23223
23154
23212
23257
23251
23150
23148
23179
23187
23174
23153
23179
23169
23222
23211
23214
23203
23201
23245
23194
23100
23036
22874
22666
22504
22242
22106
21791
21634
21436
21229
21100
20839
20801
20643
20551
20379
20268
20101
19981
19764
19688
19621
19452
19317
19343
19178
19122
19100
18972
18919
18823
18818
18769
18594
18689
18511
18420
18355
18272
18220
18124