11.5921248803151
321.536632968949
1138.68367610011
1335.88362850794
1095.69766303156
819.586703670126
349.092043654270
250.126253372349
712.755058916031
584.332933845841
483.373825584899
664.940414868163
1049.64871540024
1168.26672613526
1177.11624702924
1182.92686159270
1251.80624583069
1162.79478018359
965.706432537788
845.599397658606
677.007355177694
587.673474309425
384.924200894752
102.895235346771
60.7129267535496
293.973303324066
454.332019711605
739.417542193971
878.771209119909
997.554075405748
1039.77872517499
1563.05663325645
2062.83143119563
2140.57774520533
2006.31342945825
1667.54951832460
1153.24840862585
618.695566964929
18.0600354511520
505.395344548315
941.201324525674
1125.49884445805
1166.53585179384
1089.64649722727
974.342941661471
938.871835783276
778.775255141835
660.928230384438
529.581104871484
460.530599820550
286.925799425839
271.324554252138
38.8036128299240
9.99943930219967
155.589035995730
613.866703415249
1038.34286482919
969.692423812197
648.702052980486
441.257937526221
123.796661329367
74.6568536576226
350.407790771621
355.071550613280
487.927026530608
522.245254140138
598.124591242669
549.029605688384
533.807036407957
526.132469017008
455.375521792956
451.045628537544
297.327324398059
94.3227025969947
53.2128476550930
61.2097824016521
216.457507297013
203.396857940512
550.408940213473
925.826545861375
1142.42750082875
1134.59395022782
905.017296768915
613.535400559530
282.807526491402
88.9473480306415
362.056724367009
664.539323308992
682.788251998545
831.277461822898
759.867547833679
810.492647043293
802.953241752558
681.650716266610
549.263210872444
394.974812710427
150.833092614199
36.9414012869665
104.423586909061
192.098751440344
362.285975499502
793.464652543569
1276.46573369443
1224.15010027379
1096.68942564320
793.804075735452
528.135298755008
283.966018815004
55.6119197081265
229.532494304237
521.672400987330
615.527663236905
642.343541602419
707.517313243300
700.695518974162
625.155549542237
577.743004973124
488.981329046473
447.790814795746
293.016045927185
182.011765707913
165.037297973286
255.357422602535
809.413117129686
939.204376624712
840.447023392753
676.899173180428
500.669523753958